{
  "currentFrameRate": 114.956,
  "devices": [],
  "gestures": [
    {
      "direction": [
        -0.74561,
        0.282013,
        0.603767
      ],
      "duration": 0,
      "handIds": [
        515
      ],
      "id": 1,
      "pointableIds": [
        5150
      ],
      "position": [
        -2.7774,
        172.422,
        -17.021
      ],
      "speed": 173.283,
      "startPosition": [
        76.9842,
        142.254,
        -81.609
      ],
      "state": "start",
      "type": "swipe"
    }
  ],
  "hands": [
    {
      "armBasis": [
        [
          0.804255,
          -0.236087,
          -0.545377
        ],
        [
          0.53075,
          0.698196,
          0.480445
        ],
        [
          0.267353,
          -0.675859,
          0.686831
        ]
      ],
      "armWidth": 65.6511,
      "confidence": 0.722819,
      "direction": [
        -0.213789,
        0.132141,
        -0.967901
      ],
      "elbow": [
        170.869,
        -46.962,
        235.554
      ],
      "grabAngle": 0.965992,
      "grabStrength": 0,
      "id": 515,
      "palmNormal": [
        -0.488423,
        -0.872534,
        -0.0112385
      ],
      "palmPosition": [
        74.5979,
        148.639,
        -15.2218
      ],
      "palmVelocity": [
        -539.998,
        29.0917,
        255.553
      ],
      "palmWidth": 89.6145,
      "pinchDistance": 69.3681,
      "pinchStrength": 0,
      "r": [
        [
          0.973523,
          -0.0678576,
          -0.218287
        ],
        [
          0.0640974,
          0.997648,
          -0.0242696
        ],
        [
          0.21942,
          0.00963543,
          0.975583
        ]
      ],
      "s": 1.22082,
      "sphereCenter": [
        26.8862,
        77.1082,
        -39.8928
      ],
      "sphereRadius": 95.2634,
      "stabilizedPalmPosition": [
        79.0112,
        148.511,
        -17.3521
      ],
      "t": [
        -101.612,
        27.699,
        49.9526
      ],
      "timeVisible": 0.173409,
      "type": "right",
      "wrist": [
        99.7754,
        132.761,
        52.9129
      ]
    }
  ],
  "id": 900609,
  "interactionBox": {
    "center": [
      0,
      200,
      0
    ],
    "size": [
      235.247,
      235.247,
      147.751
    ]
  },
  "pointables": [
    {
      "bases": [
        [
          [
            0.735575,
            0.616939,
            -0.279851
          ],
          [
            -0.379001,
            0.717169,
            0.584831
          ],
          [
            0.561505,
            -0.324123,
            0.761352
          ]
        ],
        [
          [
            0.62643,
            0.663994,
            -0.408286
          ],
          [
            -0.166912,
            0.62591,
            0.761825
          ],
          [
            0.761397,
            -0.409082,
            0.502918
          ]
        ],
        [
          [
            0.62643,
            0.663994,
            -0.408286
          ],
          [
            -0.360876,
            0.711328,
            0.603143
          ],
          [
            0.690908,
            -0.230486,
            0.685217
          ]
        ],
        [
          [
            0.62643,
            0.663994,
            -0.408286
          ],
          [
            -0.57542,
            0.747261,
            0.332405
          ],
          [
            0.525811,
            0.0267073,
            0.850182
          ]
        ]
      ],
      "btipPosition": [
        -5.47765,
        172.285,
        -21.387
      ],
      "carpPosition": [
        66.1693,
        145.272,
        44.6097
      ],
      "dipPosition": [
        6.26256,
        172.881,
        -2.40426
      ],
      "direction": [
        -0.690908,
        0.230486,
        -0.685217
      ],
      "extended": true,
      "handId": 515,
      "id": 5150,
      "length": 49.7208,
      "mcpPosition": [
        66.1693,
        145.272,
        44.6097
      ],
      "pipPosition": [
        28.7367,
        165.384,
        19.8847
      ],
      "stabilizedTipPosition": [
        9.28709,
        164.457,
        -28.2175
      ],
      "timeVisible": 0.173409,
      "tipPosition": [
        -1.56204,
        159.22,
        -21.5172
      ],
      "tipVelocity": [
        -603.727,
        499.95,
        641.664
      ],
      "tool": false,
      "touchDistance": -0.143844,
      "touchZone": "touching",
      "type": 0,
      "width": 21.2675
    },
    {
      "bases": [
        [
          [
            0.798106,
            -0.441479,
            -0.410027
          ],
          [
            0.430685,
            0.893919,
            -0.124173
          ],
          [
            0.421351,
            -0.0774893,
            0.903581
          ]
        ],
        [
          [
            0.801032,
            -0.44201,
            -0.403702
          ],
          [
            0.349939,
            0.892912,
            -0.283288
          ],
          [
            0.485686,
            0.0856519,
            0.869927
          ]
        ],
        [
          [
            0.801032,
            -0.44201,
            -0.403702
          ],
          [
            0.0670483,
            0.736389,
            -0.673228
          ],
          [
            0.594855,
            0.51221,
            0.619507
          ]
        ],
        [
          [
            0.801032,
            -0.44201,
            -0.403702
          ],
          [
            -0.282473,
            0.315486,
            -0.905912
          ],
          [
            0.527784,
            0.8397,
            0.127858
          ]
        ]
      ],
      "btipPosition": [
        7.28524,
        136.337,
        -84.8658
      ],
      "carpPosition": [
        80.0424,
        159.732,
        32.6312
      ],
      "dipPosition": [
        15.8883,
        150.025,
        -82.7816
      ],
      "direction": [
        -0.594855,
        -0.51221,
        -0.619507
      ],
      "extended": true,
      "handId": 515,
      "id": 5151,
      "length": 56.1044,
      "mcpPosition": [
        49.5123,
        165.346,
        -32.84
      ],
      "pipPosition": [
        29.6052,
        161.836,
        -68.4962
      ],
      "stabilizedTipPosition": [
        11.6138,
        138.213,
        -84.3533
      ],
      "timeVisible": 0.173409,
      "tipPosition": [
        9.8175,
        130.196,
        -73.8209
      ],
      "tipVelocity": [
        -678.96,
        379.792,
        2.74649
      ],
      "tool": false,
      "touchDistance": 0.390102,
      "touchZone": "hovering",
      "type": 1,
      "width": 20.3147
    },
    {
      "bases": [
        [
          [
            0.762501,
            -0.593769,
            -0.256964
          ],
          [
            0.56856,
            0.804495,
            -0.171837
          ],
          [
            0.308758,
            -0.0150734,
            0.951021
          ]
        ],
        [
          [
            0.777753,
            -0.593736,
            -0.206345
          ],
          [
            0.567612,
            0.804432,
            -0.17523
          ],
          [
            0.270031,
            0.0191623,
            0.962661
          ]
        ],
        [
          [
            0.777753,
            -0.593736,
            -0.206345
          ],
          [
            0.41297,
            0.73015,
            -0.544368
          ],
          [
            0.473873,
            0.33817,
            0.813072
          ]
        ],
        [
          [
            0.777753,
            -0.593736,
            -0.206345
          ],
          [
            0.109382,
            0.45111,
            -0.88574
          ],
          [
            0.618979,
            0.666316,
            0.415797
          ]
        ]
      ],
      "btipPosition": [
        32.5085,
        135.014,
        -112.148
      ],
      "carpPosition": [
        90.0946,
        155.979,
        26.9798
      ],
      "dipPosition": [
        43.6057,
        146.959,
        -104.694
      ],
      "direction": [
        -0.473873,
        -0.33817,
        -0.813071
      ],
      "extended": true,
      "handId": 515,
      "id": 5152,
      "length": 63.9264,
      "mcpPosition": [
        68.8789,
        157.015,
        -38.368
      ],
      "pipPosition": [
        56.4615,
        156.134,
        -82.6358
      ],
      "stabilizedTipPosition": [
        37.7816,
        136.824,
        -111.23
      ],
      "timeVisible": 0.173409,
      "tipPosition": [
        28.2737,
        129.21,
        -102.612
      ],
      "tipVelocity": [
        -538.332,
        194.199,
        148.748
      ],
      "tool": false,
      "touchDistance": -0.251759,
      "touchZone": "touching",
      "type": 2,
      "width": 19.9518
    },
    {
      "bases": [
        [
          [
            0.754582,
            -0.648461,
            -0.100523
          ],
          [
            0.631137,
            0.759126,
            -0.159353
          ],
          [
            0.179644,
            0.0568013,
            0.982091
          ]
        ],
        [
          [
            0.764026,
            -0.643867,
            -0.0412342
          ],
          [
            0.638144,
            0.763559,
            -0.0987439
          ],
          [
            0.0950627,
            0.0491295,
            0.994258
          ]
        ],
        [
          [
            0.764026,
            -0.643867,
            -0.0412342
          ],
          [
            0.557531,
            0.691039,
            -0.460026
          ],
          [
            0.32469,
            0.328483,
            0.886947
          ]
        ],
        [
          [
            0.764026,
            -0.643867,
            -0.0412342
          ],
          [
            0.33443,
            0.449876,
            -0.828111
          ],
          [
            0.551743,
            0.618908,
            0.559045
          ]
        ]
      ],
      "btipPosition": [
        65.9789,
        124.244,
        -113.41
      ],
      "carpPosition": [
        99.5298,
        149.556,
        22.9652
      ],
      "dipPosition": [
        75.8138,
        135.276,
        -103.445
      ],
      "direction": [
        -0.32469,
        -0.328483,
        -0.886947
      ],
      "extended": true,
      "handId": 515,
      "id": 5153,
      "length": 61.467,
      "mcpPosition": [
        88.4471,
        146.051,
        -37.623
      ],
      "pipPosition": [
        84.3949,
        143.957,
        -80.0041
      ],
      "stabilizedTipPosition": [
        71.3842,
        126.342,
        -112.421
      ],
      "timeVisible": 0.173409,
      "tipPosition": [
        59.1395,
        119.534,
        -105.448
      ],
      "tipVelocity": [
        -548.473,
        80.8908,
        214.892
      ],
      "tool": false,
      "touchDistance": 0.578456,
      "touchZone": "hovering",
      "type": 3,
      "width": 18.9854
    },
    {
      "bases": [
        [
          [
            0.655578,
            -0.753984,
            0.04154
          ],
          [
            0.754194,
            0.651042,
            -0.0856524
          ],
          [
            0.0375363,
            0.087481,
            0.995459
          ]
        ],
        [
          [
            0.655555,
            -0.738968,
            0.155479
          ],
          [
            0.750754,
            0.659954,
            -0.0287916
          ],
          [
            -0.0813329,
            0.135601,
            0.98742
          ]
        ],
        [
          [
            0.655555,
            -0.738968,
            0.155479
          ],
          [
            0.728207,
            0.56412,
            -0.389208
          ],
          [
            0.199904,
            0.368368,
            0.907934
          ]
        ],
        [
          [
            0.655555,
            -0.738968,
            0.155479
          ],
          [
            0.554024,
            0.330746,
            -0.763979
          ],
          [
            0.513132,
            0.58697,
            0.626228
          ]
        ]
      ],
      "btipPosition": [
        94.7604,
        111.227,
        -95.2246
      ],
      "carpPosition": [
        106.329,
        137.323,
        22.174
      ],
      "dipPosition": [
        103.199,
        120.88,
        -84.9266
      ],
      "direction": [
        -0.199904,
        -0.368368,
        -0.907934
      ],
      "extended": true,
      "handId": 515,
      "id": 5154,
      "length": 48.189,
      "mcpPosition": [
        104.185,
        132.328,
        -34.6753
      ],
      "pipPosition": [
        106.929,
        127.753,
        -67.9848
      ],
      "stabilizedTipPosition": [
        99.2184,
        113.062,
        -94.0681
      ],
      "timeVisible": 0.173409,
      "tipPosition": [
        86.9913,
        109.088,
        -89.0237
      ],
      "tipVelocity": [
        -429.311,
        61.6705,
        201.123
      ],
      "tool": false,
      "touchDistance": 0.537961,
      "touchZone": "hovering",
      "type": 4,
      "width": 16.8643
    }
  ],
  "r": [
    [
      0.973523,
      -0.0678576,
      -0.218287
    ],
    [
      0.0640974,
      0.997648,
      -0.0242696
    ],
    [
      0.21942,
      0.00963543,
      0.975583
    ]
  ],
  "s": 1.22082,
  "t": [
    -101.612,
    27.699,
    49.9526
  ],
  "timestamp": 43777933271
}